/* DATA DESCRIPTION:
Citation:	Augustin, Laurent; Barbante, Carlo; Barnes, Piers R F; Barnola, Jean-Marc; Bigler, Matthias; Castellano, Emiliano; Cattani, Olivier; Chappellaz, Jérôme A; Dahl-Jensen, Dorthe; Delmonte, Barbara; Dreyfus, Gabrielle; Durand, Gael; Falourd, Sonia; Fischer, Hubertus; Flückiger, Jacqueline; Hansson, Margareta E; Huybrechts, Philippe; Jugie, Gérard; Johnsen, Sigfús Jóhann; Jouzel, Jean; Kaufmann, Patrik R; Kipfstuhl, Sepp; Lambert, Fabrice; Lipenkov, Vladimir Ya; Littot, Geneviève C; Longinelli, Antonio; Lorrain, Reginald D; Maggi, Valter; Masson-Delmotte, Valerie; Miller, Heinrich; Mulvaney, Robert; Oerlemans, Johannes; Oerter, Hans; Orombelli, Giuseppe; Parrenin, Frédéric; Peel, David A; Petit, Jean Robert; Raynaud, Dominique; Ritz, Catherine; Ruth, Urs; Schwander, Jakob; Siegenthaler, Urs; Souchez, Roland A; Stauffer, Bernhard; Steffensen, Jørgen Peder; Stenni, Barbara; Stocker, Thomas F; Tabacco, Ignazio; Udisti, Roberto; van de Wal, Roderik S W; van den Broeke, Michiel R; Wilhelms, Frank; Winther, Jan-Gunnar; Wolff, Eric William; Zucchelli, Mario (2004): Deuterium data from EPICA Dome C ice core EDC, 6.6-3140.5 metres [dataset]. PANGAEA, https://doi.org/10.1594/PANGAEA.198743, 
	In supplement to: Augustin, L et al. (2004): Eight glacial cycles from an Antarctic ice core. Nature, 429(6992), 623-628, https://doi.org/10.1038/nature02599
Further details:	Documentation of EPICA Dome C. hdl:10013/epic.32364.d001
Project(s):	European Project for Ice Coring in Antarctica (EPICA) (URI: https://en.wikipedia.org/wiki/European_Project_for_Ice_Coring_in_Antarctica)
Funding:	Fifth Framework Programme (FP5), grant/award no. EVK2-CT-2000-00077: European Project for Ice Coring in Antarctica (URI: https://cordis.europa.eu/project/id/EVK2-CT-2000-00077)
	Fourth Framework Programme (FP4), grant/award no. ENV4980702: European Project for Ice Coring in Antarctica (URI: https://cordis.europa.eu/project/id/ENV4980702)
Coverage:	LATITUDE: -75.100000 * LONGITUDE: 123.350000
	DATE/TIME START: 1993-01-01T00:00:00 * DATE/TIME END: 2004-12-31T00:00:00
	MINIMUM DEPTH, ice/snow: 8.525 m * MAXIMUM DEPTH, ice/snow: 3138.570 m
Event(s):	EDC (EPICA Dome C) (URI: https://en.wikipedia.org/wiki/Dome_C) * LATITUDE: -75.100000 * LONGITUDE: 123.350000 * DATE/TIME START: 1993-01-01T00:00:00 * DATE/TIME END: 2004-12-31T00:00:00 * ELEVATION: 3233.0 m * RECOVERY: 3300 m * LOCATION: Dome C, Antarctica * CAMPAIGN: Dome_C * METHOD/DEVICE: Ice drill (ICEDRILL) * COMMENT: Drill site is 56 km from the site of a previous Dome C core that provided records extending into the last glacial period, and 560 km from the site of the Vostok cores. The completion of the Dome C core was delayed when the first drilling became stuck at 788 m in 1999 (EDC96).
Comment:	Ages are also given, showing the age-depth relationship used.
Parameter(s):	DEPTH, ice/snow [m] (Depth ice/snow) * GEOCODE
	AGE [ka BP] (Age) * GEOCODE
	Depth, top/min [m] (Depth top) * PI: Jouzel, Jean (jean.jouzel@lsce.ipsl.fr)
	Depth, bottom/max [m] (Depth bot) * PI: Jouzel, Jean (jean.jouzel@lsce.ipsl.fr)
	Age, minimum/young [ka] (Age min) * PI: Jouzel, Jean (jean.jouzel@lsce.ipsl.fr) * METHOD/DEVICE: Age model, ice flow model * COMMENT: Age (years before 1950 on EDC2 timescale) at top of averaging interval
	Age, maximum/old [ka] (Age max) * PI: Jouzel, Jean (jean.jouzel@lsce.ipsl.fr) * METHOD/DEVICE: Age model, ice flow model * COMMENT: Age (years before 1950 on EDC2 timescale) at bottom of averaging interval
	δ Deuterium [‰ SMOW] (δD) * PI: Jouzel, Jean (jean.jouzel@lsce.ipsl.fr) * METHOD/DEVICE: Isotope ratio mass spectrometry (URI: https://en.wikipedia.org/wiki/Isotope_ratio_mass_spectrometry)
License:	Creative Commons Attribution 3.0 Unported (CC-BY-3.0) (URI: https://creativecommons.org/licenses/by/3.0/)
Size:	4070 data points
*/
Depth ice/snow [m]	Age [ka BP]	Depth top [m]	Depth bot [m]	Age min [ka]	Age max [ka]	δD [‰ SMOW]
8.525	0.070000	6.60	10.45	0.03800	0.10200	-391.20
12.375	0.138500	10.45	14.30	0.10200	0.17500	-396.49
16.225	0.215500	14.30	18.15	0.17500	0.25600	-398.19
20.075	0.294500	18.15	22.00	0.25600	0.33300	-398.11
23.925	0.374775	22.00	25.85	0.33300	0.41655	-400.07
27.775	0.460325	25.85	29.70	0.41655	0.50410	-398.49
31.625	0.549875	29.70	33.55	0.50410	0.59565	-397.83
35.475	0.639625	33.55	37.40	0.59565	0.68360	-394.86
39.325	0.730425	37.40	41.25	0.68360	0.77725	-400.54
43.175	0.821825	41.25	45.10	0.77725	0.86640	-392.33
47.025	0.915575	45.10	48.95	0.86640	0.96475	-398.81
50.875	1.014770	48.95	52.80	0.96475	1.06480	-396.96
54.725	1.114170	52.80	56.65	1.06480	1.16355	-396.37
58.575	1.212530	56.65	60.50	1.16355	1.26150	-393.51
62.425	1.310120	60.50	64.35	1.26150	1.35875	-394.30
66.275	1.410570	64.35	68.20	1.35875	1.46240	-395.44
70.125	1.516870	68.20	72.05	1.46240	1.57135	-396.86
73.975	1.625280	72.05	75.90	1.57135	1.67920	-397.49
77.825	1.736350	75.90	79.75	1.67920	1.79350	-397.54
81.675	1.852450	79.75	83.60	1.79350	1.91140	-396.51
85.525	1.971900	83.60	87.45	1.91140	2.03240	-397.89
89.375	2.092650	87.45	91.30	2.03240	2.15290	-396.96
93.225	2.215350	91.30	95.15	2.15290	2.27780	-396.97
97.075	2.343400	95.15	99.00	2.27780	2.40900	-402.41
100.925	2.474600	99.00	102.85	2.40900	2.54020	-397.01
104.775	2.604150	102.85	106.70	2.54020	2.66810	-395.10
108.625	2.729300	106.70	110.55	2.66810	2.79050	-393.74
112.475	2.848850	110.55	114.40	2.79050	2.90720	-393.96
116.325	2.970230	114.40	118.25	2.90720	3.03325	-396.33
120.175	3.094370	118.25	122.10	3.03325	3.15550	-395.95
124.025	3.221420	122.10	125.95	3.15550	3.28735	-399.50
127.875	3.351970	125.95	129.80	3.28735	3.41660	-397.56
131.725	3.478520	129.80	133.65	3.41660	3.54045	-394.81
135.575	3.601220	133.65	137.50	3.54045	3.66200	-393.87
139.425	3.723130	137.50	141.35	3.66200	3.78425	-393.87
143.275	3.850120	141.35	145.20	3.78425	3.91600	-396.24
147.125	3.982850	145.20	149.05	3.91600	4.04970	-394.44
150.975	4.117600	149.05	152.90	4.04970	4.18550	-395.27
154.825	4.251000	152.90	156.75	4.18550	4.31650	-395.20
158.675	4.381550	156.75	160.60	4.31650	4.44660	-395.00
162.525	4.515400	160.60	164.45	4.44660	4.58420	-396.20
166.375	4.653500	164.45	168.30	4.58420	4.72280	-396.91
170.225	4.789950	168.30	172.15	4.72280	4.85710	-395.27
174.075	4.926050	172.15	176.00	4.85710	4.99500	-396.07
177.925	5.061450	176.00	179.85	4.99500	5.12790	-394.10
181.775	5.198050	179.85	183.70	5.12790	5.26820	-395.53
185.625	5.338820	183.70	187.55	5.26820	5.40945	-399.23
189.475	5.478930	187.55	191.40	5.40945	5.54840	-396.94
193.325	5.616450	191.40	195.25	5.54840	5.68450	-395.29
197.175	5.752600	195.25	199.10	5.68450	5.82070	-393.10
201.025	5.892450	199.10	202.95	5.82070	5.96420	-397.51
204.875	6.033100	202.95	206.80	5.96420	6.10200	-396.41
208.725	6.172530	206.80	210.65	6.10200	6.24305	-397.56
212.575	6.315530	210.65	214.50	6.24305	6.38800	-397.54
216.425	6.459320	214.50	218.35	6.38800	6.53065	-400.19
220.275	6.605220	218.35	222.20	6.53065	6.67980	-398.03
224.125	6.752300	222.20	226.05	6.67980	6.82480	-396.24
227.975	6.897050	226.05	229.90	6.82480	6.96930	-398.96
231.825	7.046400	229.90	233.75	6.96930	7.12350	-402.01
235.675	7.199350	233.75	237.60	7.12350	7.27520	-398.90
239.525	7.352600	237.60	241.45	7.27520	7.43000	-402.39
243.375	7.500700	241.45	245.30	7.43000	7.57140	-395.30
247.225	7.644900	245.30	249.15	7.57140	7.71840	-397.46
251.075	7.792200	249.15	253.00	7.71840	7.86600	-398.07
254.925	7.940080	253.00	256.85	7.86600	8.01415	-400.49
258.775	8.092120	256.85	260.70	8.01415	8.17010	-404.27
262.625	8.247780	260.70	264.55	8.17010	8.32545	-400.67
266.475	8.401730	264.55	268.40	8.32545	8.47800	-401.09
270.325	8.551750	268.40	272.25	8.47800	8.62550	-398.37
274.175	8.700200	272.25	276.10	8.62550	8.77490	-398.94
278.025	8.850980	276.10	279.95	8.77490	8.92705	-398.61
281.875	9.000230	279.95	283.80	8.92705	9.07340	-396.29
285.725	9.150530	283.80	287.65	9.07340	9.22765	-398.83
289.575	9.300330	287.65	291.50	9.22765	9.37300	-394.07
293.425	9.444120	291.50	295.35	9.37300	9.51525	-392.28
297.275	9.588320	295.35	299.20	9.51525	9.66140	-394.63
301.125	9.731570	299.20	303.05	9.66140	9.80175	-391.67
304.975	9.870480	303.05	306.90	9.80175	9.93920	-391.30
308.825	10.009600	306.90	310.75	9.93920	10.08000	-393.06
312.675	10.150700	310.75	314.60	10.08000	10.22140	-392.03
316.525	10.289800	314.60	318.45	10.22140	10.35820	-389.14
320.375	10.429500	318.45	322.30	10.35820	10.50080	-393.50
324.225	10.573100	322.30	326.15	10.50080	10.64530	-392.61
328.075	10.714700	326.15	330.00	10.64530	10.78400	-388.41
331.925	10.857600	330.00	333.85	10.78400	10.93130	-392.41
335.775	11.007900	333.85	337.70	10.93130	11.08460	-392.94
339.625	11.160300	337.70	341.55	11.08460	11.23600	-394.27
343.475	11.311700	341.55	345.40	11.23600	11.38740	-392.01
347.325	11.462200	345.40	349.25	11.38740	11.53700	-391.79
351.175	11.611400	349.25	353.10	11.53700	11.68590	-391.80
355.025	11.760600	353.10	356.95	11.68590	11.83520	-390.56
358.875	11.912600	356.95	360.80	11.83520	11.99000	-393.01
362.725	12.065400	360.80	364.65	11.99000	12.14070	-392.40
366.575	12.222800	364.65	368.50	12.14070	12.30500	-398.23
370.425	12.391700	368.50	372.35	12.30500	12.47840	-401.76
374.275	12.570000	372.35	376.20	12.47840	12.66160	-407.20
378.125	12.755600	376.20	380.05	12.66160	12.84960	-409.31
381.975	12.949100	380.05	383.90	12.84960	13.04860	-412.14
385.825	13.154000	383.90	387.75	13.04860	13.25950	-415.66
389.675	13.363700	387.75	391.60	13.25950	13.46800	-415.10
393.525	13.571700	391.60	395.45	13.46800	13.67540	-414.10
397.375	13.772700	395.45	399.30	13.67540	13.86990	-410.77
401.225	13.970600	399.30	403.15	13.86990	14.07140	-413.57
405.075	14.174700	403.15	407.00	14.07140	14.27800	-414.96
408.925	14.381900	407.00	410.85	14.27800	14.48580	-411.74
412.775	14.583400	410.85	414.70	14.48580	14.68110	-407.67
416.625	14.775200	414.70	418.55	14.68110	14.86930	-402.99
420.475	14.964400	418.55	422.40	14.86930	15.05960	-404.94
424.325	15.163800	422.40	426.25	15.05960	15.26800	-410.74
428.175	15.375000	426.25	430.10	15.26800	15.48210	-412.16
432.025	15.582700	430.10	433.95	15.48210	15.68330	-410.93
435.875	15.791400	433.95	437.80	15.68330	15.89960	-413.19
439.725	16.013600	437.80	441.65	15.89960	16.12770	-418.67
443.575	16.240800	441.65	445.50	16.12770	16.35400	-418.26
447.425	16.471200	445.50	449.35	16.35400	16.58840	-418.99
451.275	16.713900	449.35	453.20	16.58840	16.83940	-423.57
455.125	16.968800	453.20	457.05	16.83940	17.09820	-423.94
458.975	17.229100	457.05	460.90	17.09820	17.35990	-428.26
462.825	17.500600	460.90	464.75	17.35990	17.64130	-433.73
466.675	17.788400	464.75	468.60	17.64130	17.93540	-433.81
470.525	18.088800	468.60	472.45	17.93540	18.24220	-438.79
474.375	18.404600	472.45	476.30	18.24220	18.56690	-439.89
478.225	18.729600	476.30	480.15	18.56690	18.89230	-441.44
482.075	19.058200	480.15	484.00	18.89230	19.22400	-441.93
485.925	19.390100	484.00	487.85	19.22400	19.55630	-440.89
489.775	19.722200	487.85	491.70	19.55630	19.88820	-442.46
493.625	20.051700	491.70	495.55	19.88820	20.21530	-439.79
497.475	20.387300	495.55	499.40	20.21530	20.55920	-443.77
501.325	20.728100	499.40	503.25	20.55920	20.89700	-441.41
505.175	21.057800	503.25	507.10	20.89700	21.21870	-441.40
509.025	21.380300	507.10	510.95	21.21870	21.54190	-442.01
512.875	21.707000	510.95	514.80	21.54190	21.87220	-442.31
516.725	22.038700	514.80	518.65	21.87220	22.20520	-441.83
520.575	22.369600	518.65	522.50	22.20520	22.53400	-441.11
524.425	22.693000	522.50	526.35	22.53400	22.85210	-440.20
528.275	23.021700	526.35	530.20	22.85210	23.19120	-443.51
532.125	23.354400	530.20	534.05	23.19120	23.51750	-440.17
535.975	23.688800	534.05	537.90	23.51750	23.86020	-442.79
539.825	24.021100	537.90	541.75	23.86020	24.18200	-439.33
543.675	24.344500	541.75	545.60	24.18200	24.50700	-439.47
547.525	24.673000	545.60	549.45	24.50700	24.83900	-443.17
551.375	25.008200	549.45	553.30	24.83900	25.17730	-442.99
555.225	25.346000	553.30	557.15	25.17730	25.51470	-443.47
559.075	25.686800	557.15	561.00	25.51470	25.85900	-444.50
562.925	26.032900	561.00	564.85	25.85900	26.20680	-445.16
566.775	26.376500	564.85	568.70	26.20680	26.54620	-444.66
570.625	26.717100	568.70	572.55	26.54620	26.88800	-443.97
574.475	27.057400	572.55	576.40	26.88800	27.22680	-444.24
578.325	27.398500	576.40	580.25	27.22680	27.57020	-444.60
582.175	27.738300	580.25	584.10	27.57020	27.90640	-443.81
586.025	28.066400	584.10	587.95	27.90640	28.22640	-439.00
589.875	28.386500	587.95	591.80	28.22640	28.54660	-437.79
593.725	28.717200	591.80	595.65	28.54660	28.88790	-443.73
597.575	29.048400	595.65	599.50	28.88790	29.20900	-437.46
601.425	29.370900	599.50	603.35	29.20900	29.53270	-440.43
605.275	29.680600	603.35	607.20	29.53270	29.82840	-435.89
609.125	29.977800	607.20	611.05	29.82840	30.12710	-437.13
612.975	30.287600	611.05	614.90	30.12710	30.44820	-439.87
616.825	30.615100	614.90	618.75	30.44820	30.78200	-442.47
620.675	30.956800	618.75	622.60	30.78200	31.13160	-440.91
624.525	31.292500	622.60	626.45	31.13160	31.45340	-438.43
628.375	31.623400	626.45	630.30	31.45340	31.79350	-444.04
632.225	31.955100	630.30	634.15	31.79350	32.11670	-441.71
636.075	32.267400	634.15	638.00	32.11670	32.41800	-435.11
639.925	32.575000	638.00	641.85	32.41800	32.73190	-437.73
643.775	32.893900	641.85	645.70	32.73190	33.05600	-441.66
647.625	33.218200	645.70	649.55	33.05600	33.38050	-438.54
651.475	33.531400	649.55	653.40	33.38050	33.68240	-434.86
655.325	33.847200	653.40	657.25	33.68240	34.01200	-438.40
659.175	34.188200	657.25	661.10	34.01200	34.36440	-442.99
663.025	34.523700	661.10	664.95	34.36440	34.68310	-438.61
666.875	34.832300	664.95	668.80	34.68310	34.98140	-434.80
670.725	35.135400	668.80	672.65	34.98140	35.28940	-433.37
674.575	35.444200	672.65	676.50	35.28940	35.59900	-435.43
678.425	35.760200	676.50	680.35	35.59900	35.92140	-436.67
682.275	36.081300	680.35	684.20	35.92140	36.24120	-437.91
686.125	36.398700	684.20	688.05	36.24120	36.55610	-435.79
689.975	36.717500	688.05	691.90	36.55610	36.87890	-436.70
693.825	37.029700	691.90	695.75	36.87890	37.18050	-431.80
697.675	37.325900	695.75	699.60	37.18050	37.47120	-429.71
701.525	37.606500	699.60	703.45	37.47120	37.74180	-422.69
705.375	37.888000	703.45	707.30	37.74180	38.03420	-429.23
709.225	38.175600	707.30	711.15	38.03420	38.31700	-427.01
713.075	38.462000	711.15	715.00	38.31700	38.60700	-428.13
716.925	38.752700	715.00	718.85	38.60700	38.89830	-429.96
720.775	39.062800	718.85	722.70	38.89830	39.22730	-436.94
724.625	39.399800	722.70	726.55	39.22730	39.57230	-439.01
728.475	39.738100	726.55	730.40	39.57230	39.90380	-435.83
732.325	40.074000	730.40	734.25	39.90380	40.24430	-436.29
736.175	40.427100	734.25	738.10	40.24430	40.61000	-439.01
740.025	40.776900	738.10	741.95	40.61000	40.94390	-433.14
743.875	41.113100	741.95	745.80	40.94390	41.28220	-436.27
747.725	41.463100	745.80	749.65	41.28220	41.64410	-440.27
751.575	41.821300	749.65	753.50	41.64410	41.99850	-437.61
755.425	42.156100	753.50	757.35	41.99850	42.31380	-435.24
759.275	42.472800	757.35	761.20	42.31380	42.63180	-430.01
763.125	42.800800	761.20	765.05	42.63180	42.96970	-431.91
766.975	43.148600	765.05	768.90	42.96970	43.32740	-434.80
770.825	43.497500	768.90	772.75	43.32740	43.66750	-438.20
774.675	43.831200	772.75	776.60	43.66750	43.99500	-437.13
778.525	44.157200	776.60	780.45	43.99500	44.31940	-435.38
782.375	44.475900	780.45	784.30	44.31940	44.63240	-431.54
786.225	44.779400	784.30	788.15	44.63240	44.92640	-427.74
790.075	45.065200	788.15	792.00	44.92640	45.20400	-425.20
793.925	45.343000	792.00	795.85	45.20400	45.48210	-422.31
797.775	45.617200	795.85	799.70	45.48210	45.75220	-421.87
801.625	45.888000	799.70	803.55	45.75220	46.02380	-420.64
805.475	46.170300	803.55	807.40	46.02380	46.31680	-426.87
809.325	46.463300	807.40	811.25	46.31680	46.60980	-426.75
813.175	46.762400	811.25	815.10	46.60980	46.91500	-428.57
817.025	47.080200	815.10	818.95	46.91500	47.24550	-434.26
820.875	47.407600	818.95	822.80	47.24550	47.56960	-433.10
824.725	47.734000	822.80	826.65	47.56960	47.89830	-434.46
828.575	48.060900	826.65	830.50	47.89830	48.22350	-432.60
832.425	48.390300	830.50	834.35	48.22350	48.55710	-434.55
836.275	48.716900	834.35	838.20	48.55710	48.87680	-430.93
840.125	49.035500	838.20	842.05	48.87680	49.19420	-431.63
843.975	49.352500	842.05	845.90	49.19420	49.51080	-430.34
847.825	49.670100	845.90	849.75	49.51080	49.82930	-431.57
851.675	49.990000	849.75	853.60	49.82930	50.15080	-431.76
855.525	50.306900	853.60	857.45	50.15080	50.46300	-428.62
859.375	50.613900	857.45	861.30	50.46300	50.76480	-428.11
863.225	50.910900	861.30	865.15	50.76480	51.05700	-424.26
867.075	51.208500	865.15	869.00	51.05700	51.36000	-426.90
870.925	51.506400	869.00	872.85	51.36000	51.65280	-423.52
874.775	51.798300	872.85	876.70	51.65280	51.94380	-424.31
878.625	52.080500	876.70	880.55	51.94380	52.21720	-418.60
882.475	52.368200	880.55	884.40	52.21720	52.51920	-426.33
886.325	52.669800	884.40	888.25	52.51920	52.82050	-425.17
890.175	52.972000	888.25	892.10	52.82050	53.12350	-425.59
894.025	53.288600	892.10	895.95	53.12350	53.45370	-432.05
897.875	53.607800	895.95	899.80	53.45370	53.76200	-427.04
901.725	53.920800	899.80	903.65	53.76200	54.07960	-428.69
905.575	54.246300	903.65	907.50	54.07960	54.41300	-431.83
909.425	54.585100	907.50	911.35	54.41300	54.75710	-434.26
913.275	54.921500	911.35	915.20	54.75710	55.08580	-430.36
917.125	55.245800	915.20	919.05	55.08580	55.40590	-429.02
920.975	55.556200	919.05	922.90	55.40590	55.70640	-424.81
924.825	55.855200	922.90	926.75	55.70640	56.00400	-423.65
928.675	56.156600	926.75	930.60	56.00400	56.30920	-424.34
932.525	56.461200	930.60	934.45	56.30920	56.61320	-425.10
936.375	56.756000	934.45	938.30	56.61320	56.89880	-420.24
940.225	57.040400	938.30	942.15	56.89880	57.18210	-419.97
944.075	57.328500	942.15	946.00	57.18210	57.47500	-421.63
947.925	57.623100	946.00	949.85	57.47500	57.77120	-421.59
951.775	57.923900	949.85	953.70	57.77120	58.07670	-424.48
955.625	58.229600	953.70	957.55	58.07670	58.38260	-423.76
959.475	58.546200	957.55	961.40	58.38260	58.70980	-428.73
963.325	58.871700	961.40	965.25	58.70980	59.03350	-427.67
967.175	59.197600	965.25	969.10	59.03350	59.36170	-428.02
971.025	59.528700	969.10	972.95	59.36170	59.69570	-429.61
974.875	59.869300	972.95	976.80	59.69570	60.04280	-431.78
978.725	60.224200	976.80	980.65	60.04280	60.40570	-434.73
982.575	60.593400	980.65	984.50	60.40570	60.78100	-437.01
986.425	60.974600	984.50	988.35	60.78100	61.16810	-438.30
990.275	61.372100	988.35	992.20	61.16810	61.57620	-442.67
994.125	61.766400	992.20	996.05	61.57620	61.95670	-437.38
997.975	62.139100	996.05	999.90	61.95670	62.32150	-434.30
1001.830	62.517900	999.90	1003.75	62.32150	62.71430	-438.53
1005.670	62.915100	1003.75	1007.60	62.71430	63.11600	-440.55
1009.520	63.312600	1007.60	1011.45	63.11600	63.50930	-438.62
1013.380	63.714500	1011.45	1015.30	63.50930	63.91970	-441.40
1017.230	64.131100	1015.30	1019.15	63.91970	64.34250	-443.41
1021.080	64.548200	1019.15	1023.00	64.34250	64.75400	-442.02
1024.920	64.960400	1023.00	1026.85	64.75400	65.16670	-441.36
1028.780	65.375100	1026.85	1030.70	65.16670	65.58350	-442.33
1032.620	65.784600	1030.70	1034.55	65.58350	65.98570	-439.38
1036.470	66.191000	1034.55	1038.40	65.98570	66.39620	-441.25
1040.330	66.589600	1038.40	1042.25	66.39620	66.78300	-436.18
1044.170	66.996000	1042.25	1046.10	66.78300	67.20900	-443.29
1048.030	67.412000	1046.10	1049.95	67.20900	67.61500	-439.67
1051.880	67.805400	1049.95	1053.80	67.61500	67.99580	-434.37
1055.720	68.172800	1053.80	1057.65	67.99580	68.34990	-430.15
1059.580	68.513200	1057.65	1061.50	68.34990	68.67650	-423.40
1063.420	68.844800	1061.50	1065.35	68.67650	69.01320	-424.84
1067.280	69.186800	1065.35	1069.20	69.01320	69.36040	-427.79
1071.120	69.537500	1069.20	1073.05	69.36040	69.71460	-428.49
1074.970	69.897900	1073.05	1076.90	69.71460	70.08120	-431.37
1078.830	70.280500	1076.90	1080.75	70.08120	70.47980	-437.10
1082.670	70.670900	1080.75	1084.60	70.47980	70.86200	-434.60
1086.530	71.040900	1084.60	1088.45	70.86200	71.21990	-429.00
1090.380	71.393800	1088.45	1092.30	71.21990	71.56770	-427.48
1094.220	71.729500	1092.30	1096.15	71.56770	71.89130	-422.76
1098.080	72.049100	1096.15	1100.00	71.89130	72.20700	-419.96
1101.920	72.358900	1100.00	1103.85	72.20700	72.51070	-416.41
1105.780	72.675500	1103.85	1107.70	72.51070	72.84030	-422.97
1109.620	73.012500	1107.70	1111.55	72.84030	73.18460	-426.08
1113.470	73.369800	1111.55	1115.40	73.18460	73.55500	-430.70
1117.330	73.739900	1115.40	1119.25	73.55500	73.92480	-431.23
1121.170	74.107600	1119.25	1123.10	73.92480	74.29030	-430.37
1125.030	74.471400	1123.10	1126.95	74.29030	74.65240	-429.55
1128.880	74.824400	1126.95	1130.80	74.65240	74.99640	-425.94
1132.720	75.177800	1130.80	1134.65	74.99640	75.35910	-430.18
1136.580	75.537300	1134.65	1138.50	75.35910	75.71550	-428.44
1140.420	75.890500	1138.50	1142.35	75.71550	76.06550	-427.48
1144.280	76.231800	1142.35	1146.20	76.06550	76.39820	-423.49
1148.120	76.575700	1146.20	1150.05	76.39820	76.75320	-426.17
1151.970	76.915800	1150.05	1153.90	76.75320	77.07830	-421.66
1155.830	77.242200	1153.90	1157.75	77.07830	77.40620	-421.75
1159.670	77.569500	1157.75	1161.60	77.40620	77.73280	-420.89
1163.530	77.894300	1161.60	1165.45	77.73280	78.05580	-420.97
1167.380	78.215600	1165.45	1169.30	78.05580	78.37550	-418.95
1171.220	78.540100	1169.30	1173.15	78.37550	78.70480	-421.57
1175.080	78.864900	1173.15	1177.00	78.70480	79.02500	-419.69
1178.920	79.178700	1177.00	1180.85	79.02500	79.33230	-416.01
1182.780	79.484700	1180.85	1184.70	79.33230	79.63700	-415.48
1186.620	79.785700	1184.70	1188.55	79.63700	79.93450	-413.18
1190.470	80.085800	1188.55	1192.40	79.93450	80.23700	-414.90
1194.330	80.382600	1192.40	1196.25	80.23700	80.52820	-411.50
1198.170	80.672800	1196.25	1200.10	80.52820	80.81750	-410.00
1202.030	80.965400	1200.10	1203.95	80.81750	81.11320	-412.04
1205.880	81.259400	1203.95	1207.80	81.11320	81.40560	-410.35
1209.720	81.558000	1207.80	1211.65	81.40560	81.71030	-412.31
1213.580	81.862900	1211.65	1215.50	81.71030	82.01550	-413.74
1217.420	82.171300	1215.50	1219.35	82.01550	82.32710	-414.84
1221.280	82.488700	1219.35	1223.20	82.32710	82.65020	-417.42
1225.120	82.810800	1223.20	1227.05	82.65020	82.97140	-416.03
1228.970	83.141600	1227.05	1230.90	82.97140	83.31190	-419.54
1232.830	83.484500	1230.90	1234.75	83.31190	83.65720	-420.22
1236.670	83.837500	1234.75	1238.60	83.65720	84.01780	-422.67
1240.530	84.202500	1238.60	1242.45	84.01780	84.38720	-425.36
1244.380	84.587700	1242.45	1246.30	84.38720	84.78830	-430.66
1248.220	84.986000	1246.30	1250.15	84.78830	85.18360	-429.29
1252.080	85.380300	1250.15	1254.00	85.18360	85.57700	-427.58
1255.920	85.775800	1254.00	1257.85	85.57700	85.97460	-427.21
1259.780	86.162900	1257.85	1261.70	85.97460	86.35120	-424.30
1263.620	86.538900	1261.70	1265.55	86.35120	86.72660	-423.40
1267.470	86.910500	1265.55	1269.40	86.72660	87.09440	-422.76
1271.330	87.273200	1269.40	1273.25	87.09440	87.45200	-419.24
1275.170	87.640100	1273.25	1277.10	87.45200	87.82810	-422.06
1279.030	88.025500	1277.10	1280.95	87.82810	88.22300	-424.30
1282.880	88.419200	1280.95	1284.80	88.22300	88.61540	-425.32
1286.720	88.813100	1284.80	1288.65	88.61540	89.01070	-426.13
1290.580	89.206400	1288.65	1292.50	89.01070	89.40200	-425.75
1294.420	89.597500	1292.50	1296.35	89.40200	89.79300	-425.38
1298.280	89.975100	1296.35	1300.20	89.79300	90.15720	-419.45
1302.120	90.346600	1300.20	1304.05	90.15720	90.53600	-422.52
1305.970	90.725100	1304.05	1307.90	90.53600	90.91430	-421.55
1309.830	91.105400	1307.90	1311.75	90.91430	91.29650	-422.90
1313.670	91.482200	1311.75	1315.60	91.29650	91.66780	-420.75
1317.530	91.852800	1315.60	1319.45	91.66780	92.03770	-420.03
1321.380	92.222400	1319.45	1323.30	92.03770	92.40710	-420.48
1325.220	92.581200	1323.30	1327.15	92.40710	92.75530	-415.33
1329.080	92.937200	1327.15	1331.00	92.75530	93.11900	-419.21
1332.920	93.303100	1331.00	1334.85	93.11900	93.48720	-420.84
1336.780	93.671500	1334.85	1338.70	93.48720	93.85580	-419.07
1340.620	94.045200	1338.70	1342.55	93.85580	94.23450	-422.13
1344.470	94.424400	1342.55	1346.40	94.23450	94.61440	-421.43
1348.330	94.795300	1346.40	1350.25	94.61440	94.97620	-418.89
1352.170	95.164900	1350.25	1354.10	94.97620	95.35350	-421.43
1356.030	95.537400	1354.10	1357.95	95.35350	95.72120	-418.70
1359.880	95.907200	1357.95	1361.80	95.72120	96.09320	-420.55
1363.720	96.278100	1361.80	1365.65	96.09320	96.46300	-418.34
1367.580	96.652000	1365.65	1369.50	96.46300	96.84100	-420.79
1371.420	97.030600	1369.50	1373.35	96.84100	97.22030	-420.05
1375.280	97.410700	1373.35	1377.20	97.22030	97.60120	-420.95
1379.120	97.786600	1377.20	1381.05	97.60120	97.97190	-418.80
1382.970	98.150600	1381.05	1384.90	97.97190	98.32930	-416.96
1386.830	98.512100	1384.90	1388.75	98.32930	98.69480	-416.20
1390.670	98.878300	1388.75	1392.60	98.69480	99.06180	-417.28
1394.530	99.252100	1392.60	1396.45	99.06180	99.44240	-419.42
1398.380	99.639000	1396.45	1400.30	99.44240	99.83560	-421.79
1402.220	100.031000	1400.30	1404.15	99.83560	100.22600	-421.08
1406.080	100.425000	1404.15	1408.00	100.22600	100.62400	-421.72
1409.920	100.832000	1408.00	1411.85	100.62400	101.04100	-426.82
1413.780	101.246000	1411.85	1415.70	101.04100	101.45000	-430.78
1417.620	101.657000	1415.70	1419.55	101.45000	101.86500	-426.00
1421.470	102.074000	1419.55	1423.40	101.86500	102.28300	-423.74
1425.330	102.496000	1423.40	1427.25	102.28300	102.70800	-419.54
1429.170	102.921000	1427.25	1431.10	102.70800	103.13500	-422.03
1433.030	103.352000	1431.10	1434.95	103.13500	103.56800	-419.20
1436.880	103.787000	1434.95	1438.80	103.56800	104.00600	-417.05
1440.720	104.228000	1438.80	1442.65	104.00600	104.44900	-412.14
1444.580	104.673000	1442.65	1446.50	104.44900	104.89700	-417.44
1448.420	105.123000	1446.50	1450.35	104.89700	105.34900	-421.95
1452.280	105.579000	1450.35	1454.20	105.34900	105.80800	-425.39
1456.120	106.040000	1454.20	1458.05	105.80800	106.27100	-431.09
1459.970	106.507000	1458.05	1461.90	106.27100	106.74200	-429.59
1463.830	106.975000	1461.90	1465.75	106.74200	107.20700	-430.45
1467.670	107.433000	1465.75	1469.60	107.20700	107.66000	-425.65
1471.530	107.885000	1469.60	1473.45	107.66000	108.11000	-424.45
1475.380	108.331000	1473.45	1477.30	108.11000	108.55100	-424.11
1479.220	108.772000	1477.30	1481.15	108.55100	108.99300	-423.09
1483.080	109.216000	1481.15	1485.00	108.99300	109.43800	-425.13
1486.920	109.659000	1485.00	1488.85	109.43800	109.87900	-424.80
1490.780	110.087000	1488.85	1492.70	109.87900	110.29400	-422.07
1494.620	110.495000	1492.70	1496.55	110.29400	110.69600	-421.39
1498.470	110.895000	1496.55	1500.40	110.69600	111.09400	-417.61
1502.330	111.287000	1500.40	1504.25	111.09400	111.48000	-415.69
1506.170	111.668000	1504.25	1508.10	111.48000	111.85500	-411.36
1510.030	112.040000	1508.10	1511.95	111.85500	112.22600	-410.71
1513.880	112.406000	1511.95	1515.80	112.22600	112.58500	-408.17
1517.720	112.764000	1515.80	1519.65	112.58500	112.94300	-407.57
1521.580	113.121000	1519.65	1523.50	112.94300	113.30000	-407.38
1525.420	113.468000	1523.50	1527.35	113.30000	113.63500	-407.14
1529.280	113.796000	1527.35	1531.20	113.63500	113.95700	-402.56
1533.120	114.118000	1531.20	1535.05	113.95700	114.28000	-400.69
1536.970	114.436000	1535.05	1538.90	114.28000	114.59200	-399.75
1540.830	114.750000	1538.90	1542.75	114.59200	114.90800	-396.96
1544.670	115.069000	1542.75	1546.60	114.90800	115.22900	-398.33
1548.530	115.389000	1546.60	1550.45	115.22900	115.54900	-392.03
1552.380	115.697000	1550.45	1554.30	115.54900	115.84500	-385.01
1556.220	115.999000	1554.30	1558.15	115.84500	116.15200	-390.98
1560.080	116.310000	1558.15	1562.00	116.15200	116.46800	-393.74
1563.920	116.626000	1562.00	1565.85	116.46800	116.78400	-393.92
1567.780	116.936000	1565.85	1569.70	116.78400	117.08900	-390.35
1571.620	117.245000	1569.70	1573.55	117.08900	117.40000	-392.11
1575.470	117.551000	1573.55	1577.40	117.40000	117.70200	-388.04
1579.330	117.856000	1577.40	1581.25	117.70200	118.01100	-390.83
1583.170	118.162000	1581.25	1585.10	118.01100	118.31300	-387.06
1587.030	118.463000	1585.10	1588.95	118.31300	118.61300	-387.93
1590.880	118.762000	1588.95	1592.80	118.61300	118.91100	-386.71
1594.720	119.058000	1592.80	1596.65	118.91100	119.20400	-385.96
1598.580	119.350000	1596.65	1600.50	119.20400	119.49700	-389.20
1602.420	119.642000	1600.50	1604.35	119.49700	119.78700	-381.30
1606.280	119.938000	1604.35	1608.20	119.78700	120.08900	-386.73
1610.120	120.240000	1608.20	1612.05	120.08900	120.39200	-385.13
1613.970	120.539000	1612.05	1615.90	120.39200	120.68600	-386.45
1617.830	120.835000	1615.90	1619.75	120.68600	120.98500	-385.52
1621.670	121.135000	1619.75	1623.60	120.98500	121.28600	-383.31
1625.530	121.431000	1623.60	1627.45	121.28600	121.57700	-384.48
1629.380	121.712000	1627.45	1631.30	121.57700	121.84700	-379.21
1633.220	122.005000	1631.30	1635.15	121.84700	122.16400	-388.45
1637.080	122.320000	1635.15	1639.00	122.16400	122.47500	-387.82
1640.920	122.632000	1639.00	1642.85	122.47500	122.78800	-386.26
1644.780	122.942000	1642.85	1646.70	122.78800	123.09700	-386.62
1648.620	123.257000	1646.70	1650.55	123.09700	123.41800	-389.74
1652.470	123.576000	1650.55	1654.40	123.41800	123.73500	-387.31
1656.330	123.895000	1654.40	1658.25	123.73500	124.05500	-388.38
1660.170	124.209000	1658.25	1662.10	124.05500	124.36300	-385.40
1664.030	124.507000	1662.10	1665.95	124.36300	124.65200	-381.58
1667.880	124.797000	1665.95	1669.80	124.65200	124.94300	-379.03
1671.720	125.088000	1669.80	1673.65	124.94300	125.23200	-381.74
1675.580	125.371000	1673.65	1677.50	125.23200	125.51000	-375.92
1679.420	125.641000	1677.50	1681.35	125.51000	125.77100	-371.95
1683.280	125.899000	1681.35	1685.20	125.77100	126.02700	-370.66
1687.120	126.148000	1685.20	1689.05	126.02700	126.26900	-364.29
1690.970	126.391000	1689.05	1692.90	126.26900	126.51400	-366.68
1694.830	126.641000	1692.90	1696.75	126.51400	126.76900	-367.92
1698.670	126.898000	1696.75	1700.60	126.76900	127.02700	-369.51
1702.530	127.162000	1700.60	1704.45	127.02700	127.29600	-371.18
1706.380	127.430000	1704.45	1708.30	127.29600	127.56400	-370.95
1710.220	127.700000	1708.30	1712.15	127.56400	127.83500	-371.99
1714.080	127.976000	1712.15	1716.00	127.83500	128.11700	-374.89
1717.920	128.266000	1716.00	1719.85	128.11700	128.41500	-376.11
1721.780	128.575000	1719.85	1723.70	128.41500	128.73500	-383.51
1725.620	128.901000	1723.70	1727.55	128.73500	129.06800	-386.35
1729.470	129.237000	1727.55	1731.40	129.06800	129.40600	-386.42
1733.330	129.589000	1731.40	1735.25	129.40600	129.77100	-392.06
1737.170	129.970000	1735.25	1739.10	129.77100	130.16800	-398.14
1741.030	130.374000	1739.10	1742.95	130.16800	130.58000	-399.17
1744.880	130.808000	1742.95	1746.80	130.58000	131.03600	-405.20
1748.720	131.285000	1746.80	1750.65	131.03600	131.53300	-413.88
1752.580	131.784000	1750.65	1754.50	131.53300	132.03500	-411.61
1756.420	132.308000	1754.50	1758.35	132.03500	132.58000	-418.40
1760.280	132.881000	1758.35	1762.20	132.58000	133.18300	-423.30
1764.120	133.519000	1762.20	1766.05	133.18300	133.85600	-432.18
1767.970	134.202000	1766.05	1769.90	133.85600	134.54900	-433.24
1771.830	134.910000	1769.90	1773.75	134.54900	135.27000	-436.27
1775.670	135.625000	1773.75	1777.60	135.27000	135.98000	-434.47
1779.530	136.338000	1777.60	1781.45	135.98000	136.69600	-435.18
1783.380	137.083000	1781.45	1785.30	136.69600	137.46900	-440.71
1787.220	137.853000	1785.30	1789.15	137.46900	138.23800	-440.43
1791.080	138.611000	1789.15	1793.00	138.23800	138.98300	-437.05
1794.920	139.363000	1793.00	1796.85	138.98300	139.74200	-440.53
1798.780	140.124000	1796.85	1800.70	139.74200	140.50600	-438.64
1802.620	140.874000	1800.70	1804.55	140.50600	141.24200	-436.46
1806.470	141.607000	1804.55	1808.40	141.24200	141.97300	-435.20
1810.330	142.342000	1808.40	1812.25	141.97300	142.71100	-436.97
1814.170	143.084000	1812.25	1816.10	142.71100	143.45800	-437.25
1818.030	143.826000	1816.10	1819.95	143.45800	144.19300	-435.92
1821.880	144.553000	1819.95	1823.80	144.19300	144.91300	-435.89
1825.720	145.261000	1823.80	1827.65	144.91300	145.60900	-430.74
1829.580	145.978000	1827.65	1831.50	145.60900	146.34800	-435.28
1833.420	146.706000	1831.50	1835.35	146.34800	147.06400	-433.21
1837.280	147.431000	1835.35	1839.20	147.06400	147.79800	-436.00
1841.120	148.135000	1839.20	1843.05	147.79800	148.47100	-429.40
1844.970	148.815000	1843.05	1846.90	148.47100	149.15900	-430.65
1848.830	149.503000	1846.90	1850.75	149.15900	149.84700	-430.22
1852.670	150.200000	1850.75	1854.60	149.84700	150.55300	-433.21
1856.530	150.910000	1854.60	1858.45	150.55300	151.26700	-431.70
1860.380	151.643000	1858.45	1862.30	151.26700	152.01800	-435.65
1864.220	152.405000	1862.30	1866.15	152.01800	152.79200	-437.71
1868.080	153.198000	1866.15	1870.00	152.79200	153.60400	-441.06
1871.920	154.009000	1870.00	1873.85	153.60400	154.41400	-438.98
1875.780	154.817000	1873.85	1877.70	154.41400	155.22100	-441.16
1879.620	155.619000	1877.70	1881.55	155.22100	156.01600	-439.72
1883.470	156.408000	1881.55	1885.40	156.01600	156.80000	-438.65
1887.330	157.143000	1885.40	1889.25	156.80000	157.48500	-427.36
1891.170	157.832000	1889.25	1893.10	157.48500	158.17800	-426.93
1895.030	158.544000	1893.10	1896.95	158.17800	158.91100	-432.05
1898.880	159.292000	1896.95	1900.80	158.91100	159.67300	-435.77
1902.720	160.043000	1900.80	1904.65	159.67300	160.41400	-423.84
1906.580	160.774000	1904.65	1908.50	160.41400	161.13500	-427.55
1910.420	161.525000	1908.50	1912.35	161.13500	161.91600	-434.04
1914.280	162.325000	1912.35	1916.20	161.91600	162.73300	-436.78
1918.120	163.148000	1916.20	1920.05	162.73300	163.56200	-438.67
1921.970	163.967000	1920.05	1923.90	163.56200	164.37200	-437.62
1925.830	164.759000	1923.90	1927.75	164.37200	165.14600	-435.09
1929.670	165.512000	1927.75	1931.60	165.14600	165.87900	-430.53
1933.530	166.239000	1931.60	1935.45	165.87900	166.59900	-425.53
1937.380	166.962000	1935.45	1939.30	166.59900	167.32500	-428.55
1941.220	167.714000	1939.30	1943.15	167.32500	168.10400	-430.86
1945.080	168.507000	1943.15	1947.00	168.10400	168.91100	-434.18
1948.920	169.319000	1947.00	1950.85	168.91100	169.72700	-437.51
1952.780	170.100000	1950.85	1954.70	169.72700	170.47200	-424.97
1956.620	170.864000	1954.70	1958.55	170.47200	171.25600	-432.57
1960.470	171.675000	1958.55	1962.40	171.25600	172.09500	-431.98
1964.330	172.518000	1962.40	1966.25	172.09500	172.94100	-436.32
1968.170	173.355000	1966.25	1970.10	172.94100	173.76800	-434.80
1972.030	174.190000	1970.10	1973.95	173.76800	174.61100	-439.17
1975.880	175.040000	1973.95	1977.80	174.61100	175.46800	-433.04
1979.720	175.894000	1977.80	1981.65	175.46800	176.32100	-427.72
1983.580	176.767000	1981.65	1985.50	176.32100	177.21200	-427.52
1987.420	177.666000	1985.50	1989.35	177.21200	178.12000	-435.78
1991.280	178.554000	1989.35	1993.20	178.12000	178.98900	-437.10
1995.120	179.448000	1993.20	1997.05	178.98900	179.90800	-439.06
1998.970	180.392000	1997.05	2000.90	179.90800	180.87600	-442.53
2002.830	181.340000	2000.90	2004.75	180.87600	181.80500	-440.56
2006.670	182.281000	2004.75	2008.60	181.80500	182.75700	-440.06
2010.530	183.224000	2008.60	2012.45	182.75700	183.69100	-441.63
2014.380	184.138000	2012.45	2016.30	183.69100	184.58600	-437.97
2018.220	185.008000	2016.30	2020.15	184.58600	185.43100	-431.09
2022.080	185.803000	2020.15	2024.00	185.43100	186.17400	-423.05
2025.920	186.499000	2024.00	2027.85	186.17400	186.82400	-412.80
2029.780	187.183000	2027.85	2031.70	186.82400	187.54200	-424.91
2033.620	187.934000	2031.70	2035.55	187.54200	188.32500	-427.70
2037.470	188.731000	2035.55	2039.40	188.32500	189.13600	-431.79
2041.330	189.523000	2039.40	2043.25	189.13600	189.91000	-430.54
2045.170	190.276000	2043.25	2047.10	189.91000	190.64200	-422.80
2049.030	191.052000	2047.10	2050.95	190.64200	191.46200	-425.52
2052.880	191.871000	2050.95	2054.80	191.46200	192.28100	-430.66
2056.720	192.662000	2054.80	2058.65	192.28100	193.04300	-427.36
2060.570	193.393000	2058.65	2062.50	193.04300	193.74300	-419.90
2064.430	194.093000	2062.50	2066.35	193.74300	194.44200	-420.01
2068.280	194.769000	2066.35	2070.20	194.44200	195.09700	-408.39
2072.120	195.405000	2070.20	2074.05	195.09700	195.71400	-411.57
2075.970	196.013000	2074.05	2077.90	195.71400	196.31200	-408.11
2079.820	196.611000	2077.90	2081.75	196.31200	196.90900	-406.02
2083.680	197.210000	2081.75	2085.60	196.90900	197.51100	-405.71
2087.530	197.818000	2085.60	2089.45	197.51100	198.12500	-402.69
2091.380	198.441000	2089.45	2093.30	198.12500	198.75800	-406.53
2095.220	199.084000	2093.30	2097.15	198.75800	199.41000	-406.02
2099.070	199.760000	2097.15	2101.00	199.41000	200.11000	-412.28
2102.930	200.495000	2101.00	2104.85	200.11000	200.88100	-417.43
2106.780	201.281000	2104.85	2108.70	200.88100	201.68100	-422.11
2110.620	202.075000	2108.70	2112.55	201.68100	202.46900	-421.09
2114.470	202.863000	2112.55	2116.40	202.46900	203.25800	-418.58
2118.320	203.623000	2116.40	2120.25	203.25800	203.98700	-411.55
2122.180	204.338000	2120.25	2124.10	203.98700	204.68800	-411.35
2126.030	205.037000	2124.10	2127.95	204.68800	205.38600	-410.23
2129.880	205.731000	2127.95	2131.80	205.38600	206.07500	-410.78
2133.720	206.411000	2131.80	2135.65	206.07500	206.74600	-407.59
2137.570	207.081000	2135.65	2139.50	206.74600	207.41600	-404.57
2141.430	207.752000	2139.50	2143.35	207.41600	208.08800	-405.64
2145.280	208.409000	2143.35	2147.20	208.08800	208.72900	-399.73
2149.120	209.053000	2147.20	2151.05	208.72900	209.37600	-400.91
2152.970	209.696000	2151.05	2154.90	209.37600	210.01700	-402.12
2156.820	210.343000	2154.90	2158.75	210.01700	210.66800	-402.78
2160.680	211.005000	2158.75	2162.60	210.66800	211.34200	-406.27
2164.530	211.685000	2162.60	2166.45	211.34200	212.02900	-403.34
2168.380	212.381000	2166.45	2170.30	212.02900	212.73200	-407.72
2172.220	213.071000	2170.30	2174.15	212.73200	213.41000	-403.20
2176.070	213.732000	2174.15	2178.00	213.41000	214.05500	-399.75
2179.930	214.387000	2178.00	2181.85	214.05500	214.72000	-402.01
2183.780	215.079000	2181.85	2185.70	214.72000	215.43900	-406.30
2187.620	215.829000	2185.70	2189.55	215.43900	216.21900	-412.35
2191.470	216.635000	2189.55	2193.40	216.21900	217.05100	-418.00
2195.320	217.482000	2193.40	2197.25	217.05100	217.91200	-420.45
2199.180	218.370000	2197.25	2201.10	217.91200	218.82900	-422.68
2203.030	219.337000	2201.10	2204.95	218.82900	219.84500	-429.18
2206.880	220.416000	2204.95	2208.80	219.84500	220.98600	-437.22
2210.720	221.568000	2208.80	2212.65	220.98600	222.15000	-437.48
2214.570	222.759000	2212.65	2216.50	222.15000	223.36800	-440.76
2218.430	223.946000	2216.50	2220.35	223.36800	224.52400	-437.53
2222.280	225.025000	2220.35	2224.20	224.52400	225.52700	-425.86
2226.120	226.031000	2224.20	2228.05	225.52700	226.53600	-425.91
2229.970	227.121000	2228.05	2231.90	226.53600	227.70600	-436.18
2233.820	228.245000	2231.90	2235.75	227.70600	228.78500	-430.28
2237.680	229.352000	2235.75	2239.60	228.78500	229.91900	-433.92
2241.530	230.466000	2239.60	2243.45	229.91900	231.01300	-430.62
2245.380	231.556000	2243.45	2247.30	231.01300	232.09900	-428.80
2249.220	232.604000	2247.30	2251.15	232.09900	233.10900	-423.71
2253.070	233.591000	2251.15	2255.00	233.10900	234.07300	-420.26
2256.930	234.526000	2255.00	2258.85	234.07300	234.98000	-416.12
2260.780	235.406000	2258.85	2262.70	234.98000	235.83300	-411.20
2264.620	236.251000	2262.70	2266.55	235.83300	236.67000	-409.06
2268.470	237.091000	2266.55	2270.40	236.67000	237.51300	-409.96
2272.320	237.922000	2270.40	2274.25	237.51300	238.33000	-407.09
2276.180	238.736000	2274.25	2278.10	238.33000	239.14200	-406.63
2280.030	239.516000	2278.10	2281.95	239.14200	239.89000	-401.12
2283.880	240.247000	2281.95	2285.80	239.89000	240.60400	-396.51
2287.720	240.923000	2285.80	2289.65	240.60400	241.24100	-387.87
2291.570	241.536000	2289.65	2293.50	241.24100	241.83200	-381.26
2295.430	242.138000	2293.50	2297.35	241.83200	242.44500	-384.36
2299.280	242.762000	2297.35	2301.20	242.44500	243.08000	-385.35
2303.120	243.407000	2301.20	2305.05	243.08000	243.73500	-387.30
2306.970	244.123000	2305.05	2308.90	243.73500	244.51000	-399.38
2310.820	244.945000	2308.90	2312.75	244.51000	245.37900	-407.63
2314.680	245.886000	2312.75	2316.60	245.37900	246.39300	-417.21
2318.530	246.971000	2316.60	2320.45	246.39300	247.54900	-427.62
2322.380	248.101000	2320.45	2324.30	247.54900	248.65400	-423.59
2326.220	249.247000	2324.30	2328.15	248.65400	249.84000	-427.42
2330.070	250.488000	2328.15	2332.00	249.84000	251.13700	-434.25
2333.930	251.799000	2332.00	2335.85	251.13700	252.46200	-434.31
2337.780	253.129000	2335.85	2339.70	252.46200	253.79500	-435.16
2341.620	254.440000	2339.70	2343.55	253.79500	255.08500	-432.52
2345.470	255.750000	2343.55	2347.40	255.08500	256.41500	-434.48
2349.320	257.045000	2347.40	2351.25	256.41500	257.67400	-430.15
2353.180	258.289000	2351.25	2355.10	257.67400	258.90400	-427.73
2357.030	259.566000	2355.10	2358.95	258.90400	260.22800	-433.03
2360.880	260.880000	2358.95	2362.80	260.22800	261.53100	-431.53
2364.720	262.210000	2362.80	2366.65	261.53100	262.88900	-434.76
2368.570	263.504000	2366.65	2370.50	262.88900	264.11900	-426.80
2372.430	264.747000	2370.50	2374.35	264.11900	265.37400	-428.06
2376.280	266.041000	2374.35	2378.20	265.37400	266.70900	-431.98
2380.120	267.421000	2378.20	2382.05	266.70900	268.13300	-435.29
2383.970	268.878000	2382.05	2385.90	268.13300	269.62300	-438.37
2387.820	270.390000	2385.90	2389.75	269.62300	271.15800	-439.64
2391.680	271.964000	2389.75	2393.60	271.15800	272.76900	-442.44
2395.530	273.564000	2393.60	2397.45	272.76900	274.35900	-441.30
2399.380	275.137000	2397.45	2401.30	274.35900	275.91400	-438.86
2403.220	276.696000	2401.30	2405.15	275.91400	277.47800	-439.77
2407.070	278.260000	2405.15	2409.00	277.47800	279.04200	-439.33
2410.930	279.752000	2409.00	2412.85	279.04200	280.46100	-432.66
2414.780	281.161000	2412.85	2416.70	280.46100	281.86200	-431.21
2418.620	282.551000	2416.70	2420.55	281.86200	283.24100	-430.95
2422.470	283.899000	2420.55	2424.40	283.24100	284.55800	-426.63
2426.320	285.193000	2424.40	2428.25	284.55800	285.82800	-425.24
2430.180	286.432000	2428.25	2432.10	285.82800	287.03600	-420.35
2434.030	287.631000	2432.10	2435.95	287.03600	288.22600	-419.53
2437.880	288.817000	2435.95	2439.80	288.22600	289.40900	-418.91
2441.720	289.958000	2439.80	2443.65	289.40900	290.50700	-412.24
2445.570	291.127000	2443.65	2447.50	290.50700	291.74800	-419.88
2449.430	292.436000	2447.50	2451.35	291.74800	293.12400	-426.58
2453.280	293.875000	2451.35	2455.20	293.12400	294.62700	-432.52
2457.120	295.346000	2455.20	2459.05	294.62700	296.06500	-429.20
2460.970	296.793000	2459.05	2462.90	296.06500	297.52100	-427.91
2464.820	298.283000	2462.90	2466.75	297.52100	299.04400	-430.76
2468.680	299.757000	2466.75	2470.60	299.04400	300.46900	-426.19
2472.530	301.227000	2470.60	2474.45	300.46900	301.98500	-429.87
2476.380	302.716000	2474.45	2478.30	301.98500	303.44800	-426.73
2480.220	304.154000	2478.30	2482.15	303.44800	304.86000	-422.51
2484.070	305.551000	2482.15	2486.00	304.86000	306.24200	-420.07
2487.930	307.050000	2486.00	2489.85	306.24200	307.85700	-430.52
2491.780	308.648000	2489.85	2493.70	307.85700	309.43900	-429.03
2495.620	310.231000	2493.70	2497.55	309.43900	311.02200	-430.09
2499.470	311.774000	2497.55	2501.40	311.02200	312.52600	-425.82
2503.320	313.224000	2501.40	2505.25	312.52600	313.92200	-420.33
2507.180	314.567000	2505.25	2509.10	313.92200	315.21200	-414.11
2511.030	315.833000	2509.10	2512.95	315.21200	316.45400	-411.95
2514.880	317.079000	2512.95	2516.80	316.45400	317.70300	-410.13
2518.720	318.399000	2516.80	2520.65	317.70300	319.09600	-418.41
2522.570	319.834000	2520.65	2524.50	319.09600	320.57100	-423.24
2526.430	321.253000	2524.50	2528.35	320.57100	321.93500	-416.72
2530.280	322.566000	2528.35	2532.20	321.93500	323.19700	-411.47
2534.120	323.779000	2532.20	2536.05	323.19700	324.36000	-406.05
2537.970	324.899000	2536.05	2539.90	324.36000	325.43800	-399.26
2541.820	325.965000	2539.90	2543.75	325.43800	326.49200	-397.41
2545.680	326.996000	2543.75	2547.60	326.49200	327.50000	-394.31
2549.530	328.008000	2547.60	2551.45	327.50000	328.51600	-394.86
2553.380	329.015000	2551.45	2555.30	328.51600	329.51400	-393.33
2557.220	330.006000	2555.30	2559.15	329.51400	330.49800	-392.25
2561.070	330.983000	2559.15	2563.00	330.49800	331.46800	-390.83
2564.930	331.964000	2563.00	2566.85	331.46800	332.46100	-392.95
2568.780	332.924000	2566.85	2570.70	332.46100	333.38700	-387.97
2572.620	333.796000	2570.70	2574.55	333.38700	334.20600	-377.78
2576.470	334.578000	2574.55	2578.40	334.20600	334.95000	-369.07
2580.320	335.332000	2578.40	2582.25	334.95000	335.71300	-369.24
2584.180	336.146000	2582.25	2586.10	335.71300	336.57800	-378.23
2588.030	337.104000	2586.10	2589.95	336.57800	337.63100	-391.48
2591.880	338.251000	2589.95	2593.80	337.63100	338.87100	-403.29
2595.720	339.603000	2593.80	2597.65	338.87100	340.33500	-413.06
2599.570	341.287000	2597.65	2601.50	340.33500	342.23900	-430.03
2603.430	343.363000	2601.50	2605.35	342.23900	344.48700	-442.39
2607.280	345.578000	2605.35	2609.20	344.48700	346.66900	-439.96
2611.120	347.738000	2609.20	2613.05	346.66900	348.80700	-436.94
2614.970	349.786000	2613.05	2616.90	348.80700	350.76500	-432.98
2618.820	351.745000	2616.90	2620.75	350.76500	352.72400	-431.52
2622.680	353.767000	2620.75	2624.60	352.72400	354.80900	-436.45
2626.530	355.941000	2624.60	2628.45	354.80900	357.07300	-440.49
2630.380	358.225000	2628.45	2632.30	357.07300	359.37700	-441.79
2634.220	360.499000	2632.30	2636.15	359.37700	361.62100	-439.09
2638.070	362.681000	2636.15	2640.00	361.62100	363.74100	-434.65
2641.930	364.774000	2640.00	2643.85	363.74100	365.80800	-431.92
2645.780	366.848000	2643.85	2647.70	365.80800	367.88800	-432.18
2649.620	368.940000	2647.70	2651.55	367.88800	369.99200	-433.05
2653.470	370.949000	2651.55	2655.40	369.99200	371.90600	-426.45
2657.320	372.831000	2655.40	2659.25	371.90600	373.75600	-422.39
2661.180	374.817000	2659.25	2663.10	373.75600	375.87900	-432.15
2665.030	376.906000	2663.10	2666.95	375.87900	377.93200	-429.58
2668.880	378.909000	2666.95	2670.80	377.93200	379.88500	-426.19
2672.720	380.771000	2670.80	2674.65	379.88500	381.65700	-418.74
2676.570	382.567000	2674.65	2678.50	381.65700	383.47800	-419.59
2680.430	384.390000	2678.50	2682.35	383.47800	385.30200	-420.60
2684.280	386.171000	2682.35	2686.20	385.30200	387.04100	-414.89
2688.120	388.083000	2686.20	2690.05	387.04100	389.12500	-426.10
2691.970	390.113000	2690.05	2693.90	389.12500	391.10200	-422.48
2695.820	391.997000	2693.90	2697.75	391.10200	392.89200	-414.63
2699.680	393.678000	2697.75	2701.60	392.89200	394.46300	-404.32
2703.530	395.200000	2701.60	2705.45	394.46300	395.93600	-399.12
2707.380	396.652000	2705.45	2709.30	395.93600	397.36800	-396.35
2711.220	398.078000	2709.30	2713.15	397.36800	398.78800	-394.83
2715.070	399.462000	2713.15	2717.00	398.78800	400.13700	-390.92
2718.930	400.793000	2717.00	2720.85	400.13700	401.44900	-388.52
2722.780	402.084000	2720.85	2724.70	401.44900	402.72000	-385.26
2726.620	403.358000	2724.70	2728.55	402.72000	403.99500	-385.39
2730.470	404.618000	2728.55	2732.40	403.99500	405.24200	-382.96
2734.320	405.866000	2732.40	2736.25	405.24200	406.49000	-383.34
2738.180	407.118000	2736.25	2740.10	406.49000	407.74600	-382.98
2742.030	408.392000	2740.10	2743.95	407.74600	409.03900	-384.31
2745.880	409.713000	2743.95	2747.80	409.03900	410.38700	-386.61
2749.720	411.099000	2747.80	2751.65	410.38700	411.81200	-390.62
2753.570	412.544000	2751.65	2755.50	411.81200	413.27600	-391.78
2757.430	414.029000	2755.50	2759.35	413.27600	414.78200	-393.15
2761.280	415.543000	2759.35	2763.20	414.78200	416.30500	-392.29
2765.120	417.101000	2763.20	2767.05	416.30500	417.89800	-395.56
2768.970	418.764000	2767.05	2770.90	417.89800	419.63000	-400.21
2772.820	420.526000	2770.90	2774.75	419.63000	421.42200	-402.62
2776.680	422.295000	2774.75	2778.60	421.42200	423.16800	-397.19
2780.530	424.299000	2778.60	2782.45	423.16800	425.43000	-414.82
2784.380	426.957000	2782.45	2786.30	425.43000	428.48400	-434.75
2788.220	430.191000	2786.30	2790.15	428.48400	431.89800	-443.04
2792.070	433.634000	2790.15	2794.00	431.89800	435.36900	-442.95
2795.930	436.925000	2794.00	2797.85	435.36900	438.48200	-435.37
2799.780	439.997000	2797.85	2801.70	438.48200	441.51200	-432.53
2803.620	443.057000	2801.70	2805.55	441.51200	444.60100	-433.59
2807.470	446.078000	2805.55	2809.40	444.60100	447.55500	-429.91
2811.320	449.207000	2809.40	2813.25	447.55500	450.85800	-438.89
2815.180	452.413000	2813.25	2817.10	450.85800	453.96800	-433.10
2819.030	455.522000	2817.10	2820.95	453.96800	457.07500	-434.73
2822.880	458.366000	2820.95	2824.80	457.07500	459.65700	-418.64
2826.720	460.956000	2824.80	2828.65	459.65700	462.25500	-420.09
2830.570	463.574000	2828.65	2832.50	462.25500	464.89200	-420.98
2834.430	466.111000	2832.50	2836.35	464.89200	467.33000	-414.38
2838.280	468.509000	2836.35	2840.20	467.33000	469.68800	-411.36
2842.120	470.793000	2840.20	2844.05	469.68800	471.89700	-406.11
2845.970	473.025000	2844.05	2847.90	471.89700	474.15300	-406.39
2849.820	475.344000	2847.90	2851.75	474.15300	476.53400	-410.29
2853.680	477.752000	2851.75	2855.60	476.53400	478.97000	-411.30
2857.530	480.231000	2855.60	2859.45	478.97000	481.49100	-413.64
2861.380	482.810000	2859.45	2863.30	481.49100	484.13000	-416.90
2865.220	485.457000	2863.30	2867.15	484.13000	486.78400	-416.91
2869.070	488.149000	2867.15	2871.00	486.78400	489.51300	-417.94
2872.930	491.003000	2871.00	2874.85	489.51300	492.49300	-424.33
2876.780	493.966000	2874.85	2878.70	492.49300	495.44000	-423.04
2880.620	496.860000	2878.70	2882.55	495.44000	498.27900	-418.90
2884.470	499.643000	2882.55	2886.40	498.27900	501.00700	-416.41
2888.320	502.339000	2886.40	2890.25	501.00700	503.67000	-413.20
2892.180	505.015000	2890.25	2894.10	503.67000	506.36100	-413.56
2896.030	507.810000	2894.10	2897.95	506.36100	509.25900	-418.34
2899.880	510.726000	2897.95	2901.80	509.25900	512.19200	-419.35
2903.720	513.730000	2901.80	2905.65	512.19200	515.26800	-420.59
2907.570	517.058000	2905.65	2909.50	515.26800	518.84900	-431.16
2911.430	520.643000	2909.50	2913.35	518.84900	522.43700	-429.67
2915.280	524.306000	2913.35	2917.20	522.43700	526.17400	-433.02
2919.120	528.105000	2917.20	2921.05	526.17400	530.03500	-434.28
2922.970	531.885000	2921.05	2924.90	530.03500	533.73400	-432.21
2926.820	535.420000	2924.90	2928.75	533.73400	537.10700	-424.74
2930.680	538.600000	2928.75	2932.60	537.10700	540.09300	-416.07
2934.530	541.660000	2932.60	2936.45	540.09300	543.22700	-418.03
2938.380	545.015000	2936.45	2940.30	543.22700	546.80300	-427.17
2942.220	548.469000	2940.30	2944.15	546.80300	550.13500	-420.96
2946.070	551.692000	2944.15	2948.00	550.13500	553.24900	-415.23
2949.930	554.656000	2948.00	2951.85	553.24900	556.06300	-407.86
2953.780	557.433000	2951.85	2955.70	556.06300	558.80200	-405.20
2957.620	560.131000	2955.70	2959.55	558.80200	561.46100	-403.08
2961.470	562.763000	2959.55	2963.40	561.46100	564.06500	-400.84
2965.320	565.375000	2963.40	2967.25	564.06500	566.68600	-400.96
2969.180	568.015000	2967.25	2971.10	566.68600	569.34400	-401.98
2973.030	570.671000	2971.10	2974.95	569.34400	571.99800	-400.97
2976.880	573.371000	2974.95	2978.80	571.99800	574.74500	-403.50
2980.720	576.146000	2978.80	2982.65	574.74500	577.54800	-404.53
2984.570	578.931000	2982.65	2986.50	577.54800	580.31400	-402.97
2988.430	581.700000	2986.50	2990.35	580.31400	583.08600	-403.22
2992.280	584.422000	2990.35	2994.20	583.08600	585.75800	-398.73
2996.120	587.460000	2994.20	2998.05	585.75800	589.16100	-414.07
2999.970	591.207000	2998.05	3001.90	589.16100	593.25400	-427.39
3003.820	595.182000	3001.90	3005.75	593.25400	597.10900	-423.63
3007.680	598.986000	3005.75	3009.60	597.10900	600.86200	-421.74
3011.530	602.811000	3009.60	3013.45	600.86200	604.76000	-423.15
3015.380	606.689000	3013.45	3017.30	604.76000	608.61900	-421.89
3019.220	610.337000	3017.30	3021.15	608.61900	612.05500	-413.49
3023.070	613.543000	3021.15	3025.00	612.05500	615.03000	-402.79
3026.930	616.455000	3025.00	3028.85	615.03000	617.87900	-399.16
3030.780	619.394000	3028.85	3032.70	617.87900	620.90800	-403.16
3034.620	622.502000	3032.70	3036.55	620.90800	624.09600	-403.90
3038.470	626.371000	3036.55	3040.40	624.09600	628.64600	-425.56
3042.320	631.327000	3040.40	3044.25	628.64600	634.00800	-438.68
3046.180	636.477000	3044.25	3048.10	634.00800	638.94700	-432.07
3050.030	641.378000	3048.10	3051.95	638.94700	643.80900	-431.67
3053.880	646.435000	3051.95	3055.80	643.80900	649.06100	-435.95
3057.720	651.856000	3055.80	3059.65	649.06100	654.65100	-441.38
3061.570	657.162000	3059.65	3063.50	654.65100	659.67300	-432.93
3065.430	661.980000	3063.50	3067.35	659.67300	664.28600	-427.54
3069.280	666.505000	3067.35	3071.20	664.28600	668.72500	-424.38
3073.120	670.962000	3071.20	3075.05	668.72500	673.20000	-425.19
3076.970	675.206000	3075.05	3078.90	673.20000	677.21200	-416.91
3080.820	679.091000	3078.90	3082.75	677.21200	680.97000	-411.95
3084.680	682.788000	3082.75	3086.60	680.97000	684.60700	-409.67
3088.530	686.296000	3086.60	3090.45	684.60700	687.98500	-404.39
3092.380	689.655000	3090.45	3094.30	687.98500	691.32600	-403.41
3096.220	693.035000	3094.30	3098.15	691.32600	694.74500	-403.47
3100.070	696.545000	3098.15	3102.00	694.74500	698.34600	-406.20
3103.930	700.148000	3102.00	3105.85	698.34600	701.95000	-405.53
3107.780	703.884000	3105.85	3109.70	701.95000	705.81800	-410.34
3111.620	707.834000	3109.70	3113.55	705.81800	709.85000	-413.07
3115.470	711.926000	3113.55	3117.40	709.85000	714.00100	-413.19
3119.320	716.497000	3117.40	3121.25	714.00100	718.99400	-424.46
3123.180	721.561000	3121.25	3125.10	718.99400	724.12800	-428.37
3127.030	726.492000	3125.10	3128.95	724.12800	728.85600	-422.73
3130.880	730.996000	3128.95	3132.80	728.85600	733.13600	-415.60
3134.720	735.332000	3132.80	3136.65	733.13600	737.52700	-415.08
3138.570	739.973000	3136.65	3140.50	737.52700	742.41900	-433.65
